Test 1:

A=0
B=-0.00043
C=8.8e-07
D=0
E=0
Stack=0.589791
Semblance=0.997444


Test 2:

A=0.00011516
B=-0.000194
C=7.4e-07
D=7e-10
E=5.61e-08
Stack=0.263432
Semblance=0.997844


Test 3:

A=-0.000147
B=-0.000139
C=5.096e-07
D=3.882e-07
E=-1.4404e-07
Stack=0.129953
Semblance=0.990795

